   1.0000000e+00   6.1028929e-11
   6.0000000e+01   1.6391014e+01
   9.0000000e+01   5.0062367e+02
   1.2000000e+02   5.1591795e+02
   1.5000000e+02   5.2475397e+02
   1.8000000e+02   5.3077118e+02
   2.1000000e+02   5.3464483e+02
   2.4000000e+02   5.3689649e+02
   2.7000000e+02   5.3791375e+02
   3.0000000e+02   5.3799695e+02
   3.3000000e+02   5.3737720e+02
   3.6000000e+02   5.3622928e+02
   3.9000000e+02   5.3468626e+02
   4.2000000e+02   5.3285070e+02
   4.5000000e+02   5.3079929e+02
   4.8000000e+02   5.2859049e+02
   5.1000000e+02   5.2626935e+02
   5.4000000e+02   5.2386991e+02
   5.7000000e+02   5.2141770e+02
   6.0000000e+02   5.1893218e+02
   6.3000000e+02   5.1642813e+02
   6.6000000e+02   5.1391661e+02
   6.9000000e+02   5.1140596e+02
   7.2000000e+02   5.0890237e+02
   7.5000000e+02   5.0641042e+02
   7.8000000e+02   5.0393348e+02
   8.1000000e+02   5.0147398e+02
   8.4000000e+02   4.9903367e+02
   8.7000000e+02   4.9661373e+02
   9.0000000e+02   4.9421495e+02
   9.3000000e+02   4.9183781e+02
   9.6000000e+02   4.8948258e+02
   9.9000000e+02   4.8714934e+02
   1.0200000e+03   4.8483803e+02
   1.0500000e+03   4.8254853e+02
   1.0800000e+03   4.8028063e+02
   1.1100000e+03   4.7803406e+02
   1.1400000e+03   4.7580853e+02
   1.1700000e+03   4.7360373e+02
   1.2000000e+03   4.7141932e+02
