   1.0000000e+00   6.1833738e-10
   6.0000000e+01   5.9244382e+00
   9.0000000e+01   2.7203238e+01
   1.2000000e+02   4.1649353e+01
   1.5000000e+02   5.2864005e+01
   1.8000000e+02   6.1409630e+01
   2.1000000e+02   6.7865782e+01
   2.4000000e+02   7.2710663e+01
   2.7000000e+02   7.6315931e+01
   3.0000000e+02   7.8971973e+01
   3.3000000e+02   8.0902724e+01
   3.6000000e+02   8.2281297e+01
   3.9000000e+02   8.3239362e+01
   4.2000000e+02   8.3873021e+01
   4.5000000e+02   8.4261984e+01
   4.8000000e+02   8.4466072e+01
   5.1000000e+02   8.4529583e+01
   5.4000000e+02   8.4487434e+01
   5.7000000e+02   8.4366024e+01
   6.0000000e+02   8.4184681e+01
   6.3000000e+02   8.3958733e+01
   6.6000000e+02   8.3699711e+01
   6.9000000e+02   8.3416436e+01
   7.2000000e+02   8.3115610e+01
   7.5000000e+02   8.2802317e+01
   7.8000000e+02   8.2480412e+01
   8.1000000e+02   8.2152798e+01
   8.4000000e+02   8.1821664e+01
   8.7000000e+02   8.1488656e+01
   9.0000000e+02   8.1155006e+01
   9.3000000e+02   8.0821619e+01
   9.6000000e+02   8.0489177e+01
   9.9000000e+02   8.0158173e+01
   1.0200000e+03   7.9828956e+01
   1.0500000e+03   7.9501771e+01
   1.0800000e+03   7.9176788e+01
   1.1100000e+03   7.8854116e+01
   1.1400000e+03   7.8533818e+01
   1.1700000e+03   7.8215926e+01
   1.2000000e+03   7.7900446e+01
