   1.0000000e+00   4.5038815e-10
   6.0000000e+01   9.3595180e-02
   9.0000000e+01   2.3171351e-01
   1.2000000e+02   6.7059616e-01
   1.5000000e+02   3.9471590e+00
   1.8000000e+02   6.7607625e+01
   2.1000000e+02   1.8482939e+02
   2.4000000e+02   3.3350094e+02
   2.7000000e+02   5.0983755e+02
   3.0000000e+02   6.9931939e+02
   3.3000000e+02   8.4110462e+02
   3.6000000e+02   8.4983710e+02
   3.9000000e+02   8.4776818e+02
   4.2000000e+02   8.4510578e+02
   4.5000000e+02   8.4200507e+02
   4.8000000e+02   8.3857764e+02
   5.1000000e+02   8.3491604e+02
   5.4000000e+02   8.3109188e+02
   5.7000000e+02   8.2715864e+02
   6.0000000e+02   8.2315504e+02
   6.3000000e+02   8.1910998e+02
   6.6000000e+02   8.1504546e+02
   6.9000000e+02   8.1097800e+02
   7.2000000e+02   8.0692020e+02
