   1.0000000e+00   5.5114034e-10
   1.0000000e+01   1.0326360e+00
   2.0000000e+01   3.3506306e+01
   3.0000000e+01   8.4189018e+02
   4.0000000e+01   1.5718015e+03
   5.0000000e+01   1.5786018e+03
   6.0000000e+01   1.5815470e+03
   7.0000000e+01   1.5839832e+03
   8.0000000e+01   1.5859560e+03
   9.0000000e+01   1.5875069e+03
   1.0000000e+02   1.5886741e+03
   1.1000000e+02   1.5894922e+03
   1.2000000e+02   1.5899928e+03
   1.3000000e+02   1.5902049e+03
   1.4000000e+02   1.5901548e+03
   1.5000000e+02   1.5898668e+03
   1.6000000e+02   1.5893627e+03
   1.7000000e+02   1.5886626e+03
   1.8000000e+02   1.5877849e+03
   1.9000000e+02   1.5867464e+03
   2.0000000e+02   1.5855621e+03
   2.1000000e+02   1.5842462e+03
   2.2000000e+02   1.5828112e+03
   2.3000000e+02   1.5812688e+03
   2.4000000e+02   1.5796295e+03
   2.5000000e+02   1.5779029e+03
