   1.0000000e+00   3.0889549e-11
   6.0000000e+01   3.7664051e-01
   9.0000000e+01   5.7399655e+00
   1.2000000e+02   2.1045228e+02
   1.5000000e+02   6.3893825e+02
   1.8000000e+02   3.4753062e+02
   2.1000000e+02   1.5293438e+02
   2.4000000e+02   7.5691721e+01
   2.7000000e+02   4.0611594e+01
   3.0000000e+02   2.3169971e+01
   3.3000000e+02   1.3889920e+01
   3.6000000e+02   8.7260272e+00
   3.9000000e+02   5.7000537e+00
   4.2000000e+02   3.8536124e+00
   4.5000000e+02   2.6794871e+00
   4.8000000e+02   1.9069399e+00
   5.1000000e+02   1.3812645e+00
   5.4000000e+02   1.0144834e+00
   5.7000000e+02   7.5329820e-01
   6.0000000e+02   5.6401546e-01
