   1.0000000e+00   7.4753366e-10
   1.0000000e+01   1.1968372e+03
   2.0000000e+01   1.5686102e+03
   3.0000000e+01   1.5726444e+03
   4.0000000e+01   1.5760731e+03
   5.0000000e+01   1.5789512e+03
   6.0000000e+01   1.5813279e+03
   7.0000000e+01   1.5832481e+03
   8.0000000e+01   1.5847527e+03
   9.0000000e+01   1.5858792e+03
   1.0000000e+02   1.5866618e+03
   1.1000000e+02   1.5871316e+03
   1.2000000e+02   1.5873171e+03
   1.3000000e+02   1.5872444e+03
   1.4000000e+02   1.5869372e+03
   1.5000000e+02   1.5864171e+03
   1.6000000e+02   1.5857040e+03
   1.7000000e+02   1.5848158e+03
   1.8000000e+02   1.5837691e+03
   1.9000000e+02   1.5825789e+03
   2.0000000e+02   1.5812588e+03
   2.1000000e+02   1.5798215e+03
   2.2000000e+02   1.5782783e+03
   2.3000000e+02   1.5766397e+03
   2.4000000e+02   1.5749150e+03
   2.5000000e+02   1.5731130e+03
