   1.0000000e+00   8.9915643e-10
   6.0000000e+01   3.4788011e-01
   9.0000000e+01   2.3224999e+00
   1.2000000e+02   9.2994266e+01
   1.5000000e+02   3.2597989e+02
   1.8000000e+02   6.3843514e+02
   2.1000000e+02   9.8940552e+02
   2.4000000e+02   1.2483089e+03
   2.7000000e+02   1.2811914e+03
   3.0000000e+02   1.2781033e+03
   3.3000000e+02   1.2741382e+03
   3.6000000e+02   1.2695227e+03
   3.9000000e+02   1.2644370e+03
   4.2000000e+02   1.2590217e+03
   4.5000000e+02   1.2533799e+03
   4.8000000e+02   1.2475865e+03
   5.1000000e+02   1.2416986e+03
   5.4000000e+02   1.2357597e+03
   5.7000000e+02   1.2298025e+03
   6.0000000e+02   1.2238522e+03
   6.3000000e+02   1.2179264e+03
   6.6000000e+02   1.2120322e+03
   6.9000000e+02   1.2061798e+03
   7.2000000e+02   1.2003777e+03
