   1.0000000e+00   2.5683535e-10
   6.0000000e+01   5.9251767e+00
   9.0000000e+01   2.7195523e+01
   1.2000000e+02   4.1641471e+01
   1.5000000e+02   5.2857057e+01
   1.8000000e+02   6.1406833e+01
   2.1000000e+02   6.7862105e+01
   2.4000000e+02   7.2703990e+01
   2.7000000e+02   7.6307448e+01
   3.0000000e+02   7.8963208e+01
   3.3000000e+02   8.0894136e+01
   3.6000000e+02   8.2271300e+01
   3.9000000e+02   8.3229181e+01
   4.2000000e+02   8.3865042e+01
   4.5000000e+02   8.4254549e+01
   4.8000000e+02   8.4458402e+01
   5.1000000e+02   8.4522357e+01
   5.4000000e+02   8.4480231e+01
   5.7000000e+02   8.4358492e+01
   6.0000000e+02   8.4177187e+01
   6.3000000e+02   8.3951211e+01
   6.6000000e+02   8.3692159e+01
   6.9000000e+02   8.3408875e+01
   7.2000000e+02   8.3108071e+01
   7.5000000e+02   8.2794799e+01
   7.8000000e+02   8.2472916e+01
   8.1000000e+02   8.2145329e+01
   8.4000000e+02   8.1814219e+01
   8.7000000e+02   8.1481239e+01
   9.0000000e+02   8.1147617e+01
   9.3000000e+02   8.0814266e+01
   9.6000000e+02   8.0481852e+01
   9.9000000e+02   8.0150875e+01
   1.0200000e+03   7.9821687e+01
   1.0500000e+03   7.9494533e+01
   1.0800000e+03   7.9169580e+01
   1.1100000e+03   7.8846937e+01
   1.1400000e+03   7.8526668e+01
   1.1700000e+03   7.8208804e+01
   1.2000000e+03   7.7893353e+01
