   1.0000000e+00   4.9822793e-10
   1.0000000e+01   6.1569576e-02
   2.0000000e+01   4.5618952e-01
   3.0000000e+01   2.0033470e+00
   4.0000000e+01   2.9760241e+01
   5.0000000e+01   3.4445702e+02
   6.0000000e+01   1.0368542e+03
   7.0000000e+01   1.5573570e+03
   8.0000000e+01   1.5857147e+03
   9.0000000e+01   1.5879909e+03
   1.0000000e+02   1.5897824e+03
   1.1000000e+02   1.5911668e+03
   1.2000000e+02   1.5921804e+03
   1.3000000e+02   1.5928570e+03
   1.4000000e+02   1.5932274e+03
   1.5000000e+02   1.5933193e+03
   1.6000000e+02   1.5931585e+03
   1.7000000e+02   1.5927683e+03
   1.8000000e+02   1.5921700e+03
   1.9000000e+02   1.5913828e+03
   2.0000000e+02   1.5904252e+03
   2.1000000e+02   1.5893125e+03
   2.2000000e+02   1.5880593e+03
   2.3000000e+02   1.5866797e+03
   2.4000000e+02   1.5851856e+03
   2.5000000e+02   1.5835881e+03
