   1.0000000e+00   8.5902695e-11
   1.0000000e+01   3.6058800e+01
   2.0000000e+01   1.4674533e+03
   3.0000000e+01   1.5724544e+03
   4.0000000e+01   1.5760996e+03
   5.0000000e+01   1.5791741e+03
   6.0000000e+01   1.5817292e+03
   7.0000000e+01   1.5838111e+03
   8.0000000e+01   1.5854623e+03
   9.0000000e+01   1.5867217e+03
   1.0000000e+02   1.5876245e+03
   1.1000000e+02   1.5882030e+03
   1.2000000e+02   1.5884868e+03
   1.3000000e+02   1.5885028e+03
   1.4000000e+02   1.5882756e+03
   1.5000000e+02   1.5878275e+03
   1.6000000e+02   1.5871814e+03
   1.7000000e+02   1.5863562e+03
   1.8000000e+02   1.5853684e+03
   1.9000000e+02   1.5842283e+03
   2.0000000e+02   1.5829513e+03
   2.1000000e+02   1.5815549e+03
   2.2000000e+02   1.5800427e+03
   2.3000000e+02   1.5784313e+03
   2.4000000e+02   1.5767311e+03
   2.5000000e+02   1.5749506e+03
