   1.0000000e+00   4.1509339e-10
   6.0000000e+01   1.8352580e+01
   9.0000000e+01   9.5891071e+02
   1.2000000e+02   1.5936243e+03
   1.5000000e+02   1.5964576e+03
   1.8000000e+02   1.5965156e+03
   2.1000000e+02   1.5945426e+03
   2.4000000e+02   1.5910568e+03
   2.7000000e+02   1.5864517e+03
   3.0000000e+02   1.5810265e+03
   3.3000000e+02   1.5750090e+03
   3.6000000e+02   1.5685668e+03
   3.9000000e+02   1.5618313e+03
   4.2000000e+02   1.5548987e+03
   4.5000000e+02   1.5478426e+03
   4.8000000e+02   1.5407181e+03
   5.1000000e+02   1.5335659e+03
   5.4000000e+02   1.5264158e+03
   5.7000000e+02   1.5192894e+03
   6.0000000e+02   1.5122025e+03
   6.3000000e+02   1.5051662e+03
   6.6000000e+02   1.4981882e+03
   6.9000000e+02   1.4912737e+03
   7.2000000e+02   1.4844257e+03
   7.5000000e+02   1.4776461e+03
   7.8000000e+02   1.4709354e+03
   8.1000000e+02   1.4642935e+03
   8.4000000e+02   1.4577198e+03
   8.7000000e+02   1.4512131e+03
   9.0000000e+02   1.4447722e+03
   9.3000000e+02   1.4383955e+03
   9.6000000e+02   1.4320814e+03
   9.9000000e+02   1.4258282e+03
   1.0200000e+03   1.4196341e+03
   1.0500000e+03   1.4134974e+03
   1.0800000e+03   1.4074165e+03
   1.1100000e+03   1.4013897e+03
   1.1400000e+03   1.3954154e+03
   1.1700000e+03   1.3894921e+03
   1.2000000e+03   1.3836181e+03
