   1.0000000e+00   6.1590667e-11
   6.0000000e+01   5.2205942e-03
   9.0000000e+01   6.5697397e-03
   1.2000000e+02   7.9588708e-03
   1.5000000e+02   9.4349075e-03
   1.8000000e+02   1.1039425e-02
   2.1000000e+02   1.2812622e-02
   2.4000000e+02   1.4805335e-02
   2.7000000e+02   1.7072781e-02
   3.0000000e+02   1.9685733e-02
   3.3000000e+02   2.2730528e-02
   3.6000000e+02   2.6307136e-02
   3.9000000e+02   3.0550305e-02
   4.2000000e+02   3.5635014e-02
   4.5000000e+02   4.1774942e-02
   4.8000000e+02   4.9290071e-02
   5.1000000e+02   5.8581003e-02
   5.4000000e+02   7.0206043e-02
   5.7000000e+02   8.4958274e-02
   6.0000000e+02   1.0411812e-01
