   1.0000000e+00   8.3334865e-10
   6.0000000e+01   3.4746347e-02
   9.0000000e+01   6.8055321e-02
   1.2000000e+02   1.2673343e-01
   1.5000000e+02   2.4507353e-01
   1.8000000e+02   5.3111137e-01
   2.1000000e+02   1.6037410e+00
   2.4000000e+02   1.6875453e+01
   2.7000000e+02   7.6747442e+01
   3.0000000e+02   1.5246178e+02
   3.3000000e+02   2.4390456e+02
   3.6000000e+02   3.5165489e+02
   3.9000000e+02   4.7116670e+02
   4.2000000e+02   5.7960956e+02
   4.5000000e+02   5.9722267e+02
   4.8000000e+02   5.9599034e+02
   5.1000000e+02   5.9425989e+02
   5.4000000e+02   5.9217539e+02
   5.7000000e+02   5.8983108e+02
   6.0000000e+02   5.8729458e+02
   6.3000000e+02   5.8462078e+02
   6.6000000e+02   5.8185229e+02
   6.9000000e+02   5.7902028e+02
   7.2000000e+02   5.7614747e+02
