   1.0000000e+00   8.7132207e-10
   6.0000000e+01   1.8355449e+01
   9.0000000e+01   9.5888440e+02
   1.2000000e+02   1.5936249e+03
   1.5000000e+02   1.5964580e+03
   1.8000000e+02   1.5965160e+03
   2.1000000e+02   1.5945438e+03
   2.4000000e+02   1.5910599e+03
   2.7000000e+02   1.5864551e+03
   3.0000000e+02   1.5810263e+03
   3.3000000e+02   1.5750078e+03
   3.6000000e+02   1.5685653e+03
   3.9000000e+02   1.5618304e+03
   4.2000000e+02   1.5548981e+03
   4.5000000e+02   1.5478425e+03
   4.8000000e+02   1.5407182e+03
   5.1000000e+02   1.5335661e+03
   5.4000000e+02   1.5264160e+03
   5.7000000e+02   1.5192896e+03
   6.0000000e+02   1.5122028e+03
   6.3000000e+02   1.5051666e+03
   6.6000000e+02   1.4981887e+03
   6.9000000e+02   1.4912742e+03
   7.2000000e+02   1.4844263e+03
