   1.0000000e+00   6.2593763e-10
   6.0000000e+01   1.6393465e+01
   9.0000000e+01   5.0071716e+02
   1.2000000e+02   5.1601311e+02
   1.5000000e+02   5.2485007e+02
   1.8000000e+02   5.3086757e+02
   2.1000000e+02   5.3474021e+02
   2.4000000e+02   5.3698763e+02
   2.7000000e+02   5.3800472e+02
   3.0000000e+02   5.3808919e+02
   3.3000000e+02   5.3746813e+02
   3.6000000e+02   5.3632127e+02
   3.9000000e+02   5.3477993e+02
   4.2000000e+02   5.3294606e+02
   4.5000000e+02   5.3089536e+02
   4.8000000e+02   5.2868533e+02
   5.1000000e+02   5.2636199e+02
   5.4000000e+02   5.2396071e+02
   5.7000000e+02   5.2150729e+02
   6.0000000e+02   5.1902072e+02
   6.3000000e+02   5.1651578e+02
   6.6000000e+02   5.1400350e+02
   6.9000000e+02   5.1149216e+02
   7.2000000e+02   5.0898797e+02
   7.5000000e+02   5.0649547e+02
   7.8000000e+02   5.0401803e+02
   8.1000000e+02   5.0155807e+02
   8.4000000e+02   4.9911731e+02
   8.7000000e+02   4.9669695e+02
   9.0000000e+02   4.9429776e+02
   9.3000000e+02   4.9192023e+02
   9.6000000e+02   4.8956461e+02
   9.9000000e+02   4.8723099e+02
   1.0200000e+03   4.8491931e+02
   1.0500000e+03   4.8262945e+02
   1.0800000e+03   4.8036118e+02
   1.1100000e+03   4.7811426e+02
   1.1400000e+03   4.7588839e+02
   1.1700000e+03   4.7368324e+02
   1.2000000e+03   4.7149849e+02
