   1.0000000e+00   9.2585804e-10
   1.0000000e+01   1.5853551e-01
   2.0000000e+01   1.1183403e+00
   3.0000000e+01   1.1633612e+01
   4.0000000e+01   2.9606322e+02
   5.0000000e+01   1.1243457e+03
   6.0000000e+01   1.5751552e+03
   7.0000000e+01   1.5835489e+03
   8.0000000e+01   1.5859761e+03
   9.0000000e+01   1.5879389e+03
   1.0000000e+02   1.5894797e+03
   1.1000000e+02   1.5906365e+03
   1.2000000e+02   1.5914440e+03
   1.3000000e+02   1.5919341e+03
   1.4000000e+02   1.5921355e+03
   1.5000000e+02   1.5920747e+03
   1.6000000e+02   1.5917758e+03
   1.7000000e+02   1.5912609e+03
   1.8000000e+02   1.5905501e+03
   1.9000000e+02   1.5896618e+03
   2.0000000e+02   1.5886127e+03
   2.1000000e+02   1.5874177e+03
   2.2000000e+02   1.5860912e+03
   2.3000000e+02   1.5846457e+03
   2.4000000e+02   1.5830928e+03
   2.5000000e+02   1.5814433e+03
