   1.0000000e+00   6.7143680e-10
   6.0000000e+01   1.8353137e+01
   9.0000000e+01   9.5900026e+02
   1.2000000e+02   1.5936241e+03
   1.5000000e+02   1.5964568e+03
   1.8000000e+02   1.5965147e+03
   2.1000000e+02   1.5945418e+03
   2.4000000e+02   1.5910592e+03
   2.7000000e+02   1.5864536e+03
   3.0000000e+02   1.5810298e+03
   3.3000000e+02   1.5750103e+03
   3.6000000e+02   1.5685677e+03
   3.9000000e+02   1.5618306e+03
   4.2000000e+02   1.5548977e+03
   4.5000000e+02   1.5478429e+03
   4.8000000e+02   1.5407195e+03
   5.1000000e+02   1.5335680e+03
   5.4000000e+02   1.5264177e+03
   5.7000000e+02   1.5192906e+03
   6.0000000e+02   1.5122030e+03
   6.3000000e+02   1.5051663e+03
   6.6000000e+02   1.4981880e+03
   6.9000000e+02   1.4912732e+03
   7.2000000e+02   1.4844251e+03
   7.5000000e+02   1.4776453e+03
   7.8000000e+02   1.4709345e+03
   8.1000000e+02   1.4642926e+03
   8.4000000e+02   1.4577188e+03
   8.7000000e+02   1.4512122e+03
   9.0000000e+02   1.4447712e+03
   9.3000000e+02   1.4383945e+03
   9.6000000e+02   1.4320804e+03
   9.9000000e+02   1.4258272e+03
   1.0200000e+03   1.4196331e+03
   1.0500000e+03   1.4134965e+03
   1.0800000e+03   1.4074156e+03
   1.1100000e+03   1.4013888e+03
   1.1400000e+03   1.3954145e+03
   1.1700000e+03   1.3894912e+03
   1.2000000e+03   1.3836172e+03
